
Parameter pareto sets:
[[5.011e+01, 1.604e-01, 2.840e-01, 7.228e+01, 3.102e+01, 3.491e-01,
  8.268e-03, 1.120e+01, 8.892e+01],
 [6.883e+01, 4.788e-01, 3.057e-01, 7.911e+01, 3.679e+01, 3.461e-01,
  7.330e-03, 1.133e+01, 8.885e+01],
 [5.128e+01, 1.695e-01, 2.560e-01, 7.228e+01, 3.037e+01, 2.373e-01,
  8.174e-03, 1.110e+01, 8.889e+01],
 [6.132e+01, 1.604e-01, 2.840e-01, 7.228e+01, 3.777e+01, 3.491e-01,
  6.297e-03, 1.103e+01, 8.893e+01],
 [5.350e+01, 2.674e-01, 2.509e-01, 7.478e+01, 3.881e+01, 1.124e-01,
  1.156e-02, 1.510e+00, 9.091e+01],
 [6.189e+01, 3.515e+00, 2.865e-01, 4.466e+00, 1.108e+01, 3.789e-01,
  6.348e-03, 1.235e+01, 8.398e+01],
 [6.214e+01, 1.695e-01, 2.631e-01, 5.510e+01, 3.944e+01, 1.208e-01,
  1.141e-02, 1.638e+00, 9.065e+01],
 [6.882e+01, 5.439e-01, 2.629e-01, 5.444e+01, 2.776e+01, 1.048e-01,
  1.215e-02, 1.813e+00, 8.797e+01],
 [6.323e+01, 1.021e+00, 2.552e-01, 8.223e+01, 2.978e+01, 2.355e-01,
  8.264e-03, 1.696e+00, 8.880e+01],
 [6.126e+01, 3.616e-01, 2.818e-01, 4.565e+01, 3.791e+01, 2.652e-01,
  8.992e-03, 1.723e+00, 8.930e+01],
 [6.122e+01, 1.604e-01, 2.840e-01, 1.437e+02, 3.777e+01, 3.505e-01,
  6.422e-03, 6.370e+00, 8.902e+01],
 [6.137e+01, 1.526e-01, 2.844e-01, 1.245e+02, 3.757e+01, 2.368e-01,
  9.576e-03, 1.112e+01, 8.888e+01],
 [6.129e+01, 2.352e-01, 2.868e-01, 1.439e+02, 1.054e+01, 3.789e-01,
  6.354e-03, 1.241e+01, 8.895e+01],
 [6.002e+01, 4.125e-01, 2.630e-01, 5.513e+01, 3.944e+01, 1.897e-01,
  1.134e-02, 2.117e+00, 8.895e+01],
 [6.341e+01, 6.830e-01, 2.870e-01, 9.526e+01, 2.729e+01, 2.566e-01,
  8.418e-03, 1.478e+00, 8.881e+01],
 [7.048e+01, 6.083e-01, 3.770e-01, 1.497e+02, 2.950e+01, 3.453e-01,
  6.312e-03, 1.348e+01, 8.910e+01],
 [7.065e+01, 4.125e-01, 2.672e-01, 7.229e+01, 2.821e+01, 1.897e-01,
  1.133e-02, 1.266e+00, 8.893e+01],
 [6.124e+01, 6.160e-01, 2.840e-01, 9.647e+00, 2.602e+01, 1.578e-01,
  1.147e-02, 1.123e+01, 9.253e+01],
 [5.551e+01, 3.867e-01, 2.830e-01, 4.043e+01, 4.511e+01, 4.375e-01,
  5.286e-03, 1.062e+00, 8.886e+01],
 [6.678e+01, 3.740e-01, 2.876e-01, 8.759e+01, 3.795e+01, 2.552e-01,
  7.764e-03, 1.297e+01, 8.875e+01],
 [6.129e+01, 1.008e-01, 2.840e-01, 6.964e+01, 3.777e+01, 3.795e-01,
  6.394e-03, 1.124e+01, 8.893e+01],
 [7.039e+01, 4.876e-01, 3.928e-01, 1.144e+02, 2.907e+01, 3.523e-01,
  6.405e-03, 6.366e+00, 8.897e+01],
 [5.592e+01, 4.897e-01, 2.863e-01, 1.180e+02, 2.965e+01, 4.519e-01,
  4.993e-03, 1.569e+00, 8.932e+01],
 [6.136e+01, 4.082e-01, 2.635e-01, 1.253e+02, 2.730e+01, 2.430e-01,
  8.915e-03, 1.173e+01, 9.208e+01]]

Results pareto sets:
[[3.309, 0.592, 2.626, 2.6  , 2.131, 9.32 ],
 [3.721, 1.118, 2.529, 0.855, 2.715, 6.061],
 [3.102, 2.431, 3.67 , 1.782, 2.16 , 3.097],
 [3.269, 4.179, 2.393, 2.925, 2.609, 0.692],
 [3.071, 0.945, 4.366, 1.197, 1.958, 5.602],
 [2.843, 2.417, 2.435, 1.034, 3.65 , 4.001],
 [3.447, 1.387, 3.87 , 1.959, 1.949, 4.7  ],
 [5.223, 1.472, 2.836, 2.574, 2.377, 4.348],
 [3.931, 3.279, 2.46 , 3.429, 2.42 , 2.119],
 [3.601, 0.775, 2.67 , 1.085, 2.212, 6.552],
 [3.834, 3.797, 2.734, 2.653, 3.865, 0.622],
 [4.158, 0.769, 2.999, 1.059, 6.102, 5.086],
 [3.673, 2.371, 3.318, 1.222, 3.968, 1.851],
 [4.461, 0.518, 2.796, 1.205, 2.064, 6.437],
 [3.746, 1.493, 2.757, 1.037, 2.448, 5.183],
 [3.032, 3.442, 4.714, 1.584, 2.74 , 2.19 ],
 [5.306, 0.879, 3.146, 1.566, 3.178, 4.796],
 [3.422, 0.558, 6.207, 1.292, 4.571, 7.048],
 [3.365, 3.466, 2.083, 1.172, 2.92 , 3.285],
 [3.363, 3.601, 2.864, 3.335, 2.389, 1.406],
 [3.617, 2.535, 2.455, 1.278, 2.641, 3.209],
 [2.999, 2.818, 4.293, 0.72 , 2.679, 3.993],
 [3.447, 3.794, 2.641, 1.395, 3.273, 2.115],
 [3.84 , 1.536, 4.424, 1.423, 3.889, 3.505]]
